Enter n: Enter the elements of the matrix: 
[[ 1  2  3  4]
 [ 5  6  7  9]
 [ 8 10 12 11]
 [13 14 15 16]] Start
[[ 1  2  3  4]
 [ 5  6  7  9]
 [ 8 10 12 16]
 [13 14 15 11]] ('Up', 16)
[[ 1  2  3  4]
 [ 5  6  7  9]
 [ 8 10 16 12]
 [13 14 15 11]] ('Left', 16)
[[ 1  2  3  4]
 [ 5  6 16  9]
 [ 8 10  7 12]
 [13 14 15 11]] ('Up', 16)
[[ 1  2  3  4]
 [ 5  6  9 16]
 [ 8 10  7 12]
 [13 14 15 11]] ('Right', 16)
[[ 1  2  3  4]
 [ 5  6  9 16]
 [ 8 10  7 12]
 [13 15 14 11]] ('Left', 15)
[[ 1  2  3  4]
 [ 5  6  9 16]
 [ 8 15  7 12]
 [13 10 14 11]] ('Up', 15)
[[ 1  2  3  4]
 [ 5  6  9 16]
 [15  8  7 12]
 [13 10 14 11]] ('Left', 15)
[[ 1  2  3  4]
 [15  6  9 16]
 [ 5  8  7 12]
 [13 10 14 11]] ('Up', 15)
[[ 1  2  3  4]
 [ 6 15  9 16]
 [ 5  8  7 12]
 [13 10 14 11]] ('Right', 15)
[[ 1  2  3  4]
 [ 6  9 15 16]
 [ 5  8  7 12]
 [13 10 14 11]] ('Right', 15)
[[ 1  2  3  4]
 [ 6  9  7 16]
 [ 5  8 15 12]
 [13 10 14 11]] ('Down', 15)
[[ 1  2  3  4]
 [ 6  9  7 16]
 [ 5 15  8 12]
 [13 10 14 11]] ('Left', 15)
[[ 1  2  3  4]
 [ 6 15  7 16]
 [ 5  9  8 12]
 [13 10 14 11]] ('Up', 15)
[[ 1  2  3  4]
 [15  6  7 16]
 [ 5  9  8 12]
 [13 10 14 11]] ('Left', 15)
[[ 1  2  3  4]
 [ 5  6  7 16]
 [15  9  8 12]
 [13 10 14 11]] ('Down', 15)
[[ 1  2  3  4]
 [ 5  6  7 16]
 [ 9 15  8 12]
 [13 10 14 11]] ('Right', 15)
[[ 1  2  3  4]
 [ 5  6  7 16]
 [ 9 10  8 12]
 [13 15 14 11]] ('Down', 15)
[[ 1  2  3  4]
 [ 5  6  7 16]
 [ 9 10  8 12]
 [13 14 15 11]] ('Right', 15)
[[ 1  2  3  4]
 [ 5  6  7 16]
 [ 9 10  8 12]
 [13 14 11 15]] ('Right', 15)
[[ 1  2  3  4]
 [ 5  6  7 16]
 [ 9 10  8 15]
 [13 14 11 12]] ('Up', 15)
[[ 1  2  3  4]
 [ 5  6  7 16]
 [ 9 10 15  8]
 [13 14 11 12]] ('Left', 15)
[[ 1  2  3  4]
 [ 5  6  7  8]
 [ 9 10 15 16]
 [13 14 11 12]] ('Down', 16)
[[ 1  2  3  4]
 [ 5  6  7  8]
 [ 9 10 11 16]
 [13 14 15 12]] ('Down', 15)
[[ 1  2  3  4]
 [ 5  6  7  8]
 [ 9 10 11 12]
 [13 14 15 16]] ('Down', 16)
Steps Taken: 24
Nodes Explored: 15258
